1:
30878
2647871
1283744
2488120
317050
1904905
1989766
14756
1027056
1149588
1394012
1406595
2529547
1682104
2625019
2603381
1774623
470861
712610
1772839
1059319
2380848
548064
10002:
1450941
1213181
308502
2581993
10003:
1515111
10004:
1737087
1270334
1262711
1903515
2140798
2479158
2161335
2099522
1291600
2198877
2214717
10005:
254775
1892654
469365
793736
926698
10006:
1093333
1982605
1534853
1632583
10007:
1204847
2160216
248206
835054
1064667
2419805
2084848
671106
2087887
1340891
1917538
2018945
2520477
10008:
1813636
2048630
930946
1492860
1687570
1122917
1885441
10009:
1927533
1789102
2263612
964421
701514
10010:
1462925
52050
650466
1813166
2224061
815731
154626
531384
696688
1088633
639327
59938
1856669
2034703
1060588
2475682
1075860
1633365
681503
186927
2374977
2113696
1677862
10011:
1624701
2646826
10012:
2445069
1483604
418164
2491070
1485175
1043648
1913770
2560523
2416960
161063
56741
2301550
1275794
10013:
2503691
1222878
843201
2271154
1346139
124014
1501028
2201453
225422
222553
1521657
295833
10616
512945
844777
973206
2246803
395087
2360499
1153049
1846387
1454544
1018789
914602
1321443
1150421
2045002
1379641
178089
291407
2229322
2177405
105997
2346736
1729494
472225
1233535
1529676
1414279
461311
1715286
1714052
649457
451510
494014
1544885
110412
1894679
1006623
467438
776931
952735
221590
348279
1911099
1923760
397753
10014:
1626179
1359761
430376
723484
839609
10015:
975179
829739
1732761
2162539
933118
467156
164480
613439
1312973
1769664
2477285
484575
2602717
1320821
1236649
705793
1395812
2056853
770517
1514136
988835
1172474
1213571
1801332
1623337
588400
2378764
2405069
10016:
1751359
234929
1759349
1604433
1003759
10017:
2280428
1129341
1377724
10018:
305767
2316945
2173031
676747
354053
2119257
2282361
1670793
1960248
73918
1516345
1236649
1403470
913554
647979
12233:
2272830
1078032
461823
17325
213656
1679359
2518942
2057627
2318225
580576
2369115
12234:
1730183
1231125
2558730
1118685
634355
1103080
1225055
1583201
2000480
606809
1917839
1903072
581635
1147681
1421402
479808
1753674
2378887
909916
742914
531049
885519
2081761
1676896
76744
12235:
1958627
2649238
371785
1498463
424273
890340
2194227
1335088
1551050
1277795
972246
1330588
1337676
1879841
12236:
547570
649637
1095488
416451
328791
968184
1466260
1015623
2615824
2010998
1923432
2113022
1727917
810674
1923395
313519
12237:
2296066
1310250
1682908
429787
1221117
1953826
1599243
2502315
1089723
1018474
348769
1386958
1783108
376821
1169855
2215682
1172239
2300938
46553
425756
1389413
174783
2282679
570151
1042068
8670
1283798
178150
1363322
2403534
1588807
427996
1566684
1818881
2060183
1208840
997
1920911
1125554
1425442
576723
1836186
1448600
1139925
355869
798046
2061499
1073729
762240
953411
1521796
1027090
2198089
2003693
300088
497575
1263634
2549426
2009618
1789325
2299899
1691942
14704
2121592
1973712
2626521
1109678
2252902
1142843
836806
1197396
2361556
623238
2065427
1533807
2030409
1352307
12238:
1292622
2620584
1773522
662393
360754
90694
2088521
302645
356353
362399
2184392
348070
1150754
1120773
791087
2009032
1827345
673873
1422673
278391
532937
519999
1315551
714605
1134050
323611
1218461
2332647
2331045
2298381
234097
2645001
217266
1141912
1843557
2095549
615803
108104
1351616
118214
2269749
970982
1885578
1561302
1974664
456278
534374
2130242
41028
118847
1696061
611440
461775
889233
1072691
1469100
1105462
1844202
1421091
199629
447340
2648610
953385
940981
1767560
1884079
1276
1463518
818895
656323
37105
2640909
2160094
574022
1542238
1745761
1988159
1976143
513175
488499
923484
568308
2441976
1000992
2633734
731355
2294987
2063654
1472026
568615
1865807
1838837
1242308
1066983
2087850
2176725
56590
560563
243260
2397888
1114765
299679
28279
357022
1799723
2509234
639618
179640
1035614
2527422
1115457
911436
2606196
2094637
2473727
1227662
297564
1187919
2368874
1278368
1106761
122780
1161205
1210358
387322
1897859
257698
2326482
1131870
1531611
115610
2232612
2127102
460487
126646
1498129
750231
2554516
1224932
955812
340788
483066
1648597
2329800
2225401
2498132
314950
591151
1475972
1368132
2465216
488541
74146
547841
514422
1324189
1119642
1922130
12239:
1194982
1120178
981535
2018156
2196778
1575469
36121
895914
785596
2187593
895949
1349670
1184851
1953545
1100525
974986
403816
2077471
878789
1434713
361826
1224:
1349852
569719
1459471
1228034
1709582
2303025
1320185
2437955
2061208
1647329
2246129
935238
1003139
1459488
2150547
2119337
12052
1171559
1660191
960623
77456
436472
1370845
651501
1293076
2637754
1167566
656455
1542610
750257
727175
2029113
826029
285053
1502599
2144255
1300976
345793
1603061
870253
2116913
1608802
2271762
2059543
636185
2257827
1024100
2627366
1105604
1365158
1432014
2302997
465958
1579898
1310601
285293
1653066
207156
70748
1402928
1056964
1664088
1197081
871138
1945014
1504721
85124
2320163
2546151
1941841
2284918
1758582
2343410
56859
1698418
2125717
346833
189925
2471502
1467008
612800
1593456
1073690
599050
1042809
1203881
2054581
2353296
2115128
1344672
2630645
1319420
2645491
1364606
1006456
1800929
813299
2393468
677111
31999
1489436
1041792
2236626
2266432
700240
519237
1703363
1317386
1729065
2458342
1026740
2512721
484101
1898872
757871
1694783
287020
1319060
1448938
932047
468602
1188970
1937205
164909
902603
1528929
1822833
272384
2295991
2113658
168455
791828
486515
232401
2524330
1468968
1170513
1023731
2526115
861610
150922
1641705
83676
1948450
115859
578521
1985381
2386315
2626521
496251
947104
460873
952668
2348230
2286394
727933
1247614
12240:
1808137
1484996
982771
1269556
2474414
1321309
49632
1598729
1002784
768929
1663774
727963
879743
549743
2619365
571373
2133251
1865114
2394393
172838
191801
2633550
2543678
664157
1116690
1788839
1972172
554448
2335186
2073713
1620854
1433058
1041296
2090741
1269917
2338262
639814
689745
2319323
889103
2522206
3035
2128674
1985775
1931780
1139645
12241:
42059
12242:
2365919
1373445
2473503
2215332
1603184
12243:
403656
1388502
1719085
2625623
1611112
600228
2000125
1631741
1284991
276497
2411263
587897
1641673
509488
282760
532073
678498
1971368
519755
1501028
12244:
1635484
2447800
2461800
2140058
944767
706282
431666
2631650
711595
1313811
1229269
999247
22252
1321309
1563223
1921412
287213
1587373
2295450
1249684
1902332
972693
220423
2404204
1984528
1461833
1260812
1608989
2584922
2638753
1418112
1050506
553390
1359788
2323883
1411815
862743
1079164
1310896
786436
2352327
1104546
1547367
2634805
153781
122709
1694188
38970
1496674
2019635
1941240
2108022
2586710
1709909
1868736
2238574
1807023
919983
1843135
963781
2566729
696338
1965262
1746400
1413236
2548903
2518094
2311049
2223069
1471834
985369
57408
2582822
1972447
769235
275448
47839
1454892
654723
704421
1928592
2023673
429834
2469272
2096279
1434874
1552634
1233351
152593
2082729
1041370
1859257
1889287
1774096
426718
323602
2455305
2337236
852739
2611954
510074
1481324
123919
629572
313867
557779
612844
66975
1404334
910059
1188812
950457
754443
2376870
2536893
1649765
119501
665876
2269388
155781
1015221
621290
412263
414633
1207365
1517916
1626239
2384214
434041
1878071
1354496
180920
1731240
2581579
534141
2120357
2511
719573
2596745
2364536
644393
1817397
1622823
2453185
2614400
421679
594311
2031796
1161915
1572090
1526477
2355090
1256085
630008
1857928
321756
2199063
2621234
14002
149575
725061
1421002
564582
1162175
352863
209502
814860
711550
551213
2064562
391007
562672
2321884
2000005
1909124
1786903
882116
1229887
144863
2314704
2233590
1030445
1110403
139052
705391
1603668
1493112
737242
1776966
643806
453472
997021
1420
1806302
1627847
2313194
531459
2076195
2154802
2364775
2572456
935817
2000621
1215827
1706691
655025
1483867
2525057
1689502
1046909
852846
2349000
222404
1914144
1654660
653385
985291
2601460
2292495
1411327
2572133
367884
1271080
2040847
951094
1137604
2067828
2585197
742866
2475473
1489264
1479308
1741164
2074029
1288864
133130
700118
1660220
663848
1419550
1901309
2184662
138589
1045469
171465
1127611
2103236
856829
1577458
1074827
1243059
931553
242321
2195956
2191663
1083282
1119364
2594140
1797557
1508487
614700
1835791
1856752
39967
2416507
305210
1687372
1038100
1488370
2538149
2321274
902401
1346151
1001484
2219119
1151279
1890757
737615
1408874
2226901
2283634
2093815
2074078
1422214
678178
1657239
1981965
938025
1144069
2107161
348742
1709246
873723
1534620
1258371
374794
444454
469041
959960
2480754
1238224
988845
581523
422457
1685718
609824
1437973
2162550
1302007
1300137
755376
47236
2631760
729236
1425285
1838496
2582970
420551
767871
926126
2234337
1202191
553659
1821972
2113184
1476958
2042963
1961398
199948
1637793
2525451
1856293
266581
393595
864290
274261
1014141
1410022
2508774
1583436
1755182
1238187
1805262
440488
95961
2393438
2357980
2275581
57559
543999
1809849
2242222
476428
1032527
1268432
1476243
1436065
450533
216248
219377
207986
2063667
1748513
151436
1962486
818365
1456507
2382401
2431733
1502057
351016
2523634
1004376
355753
1424801
736349
1987243
1441434
1434873
1332106
1088625
1332289
12245:
2542972
1807040
2128207
2456777
1447998
1369233
2102680
2465970
2140454
1535493
1216073
2383384
12246:
502101
116996
582577
2563204
2636037
1130934
1368681
1813311
1428041
2520984
570343
333828
1137611
2087078
1456621
1749988
617080
285845
898756
97717
525564
1954597
1895581
1772324
982730
2564393
1291211
953430
782337
1161198
1747109
1710213
658268
1113154
175338
408261
2215929
2188046
438605
912285
504600
485063
1598073
2199645
1084427
1189287